location:
  evento:
    world: world
    x: -894.4147322867585
    y: 4.0
    z: -1048.298229041085
    yaw: 356.30133
    pitch: 50.84992
